version https://git-lfs.github.com/spec/v1
ext-0-ipfs sha256:026246a0d54976fa01f3bb8c4c7a59d9ec34a0c7c0e98188c9fab6150a5c98b6
oid sha256:318b4e735e98746b3a781b696b9cab0a52447969d6f2acde6ab94ec5ace50d56
size 17408
